454 78.0 900
1084 9938.0 316472
1410 277.0 277
772 6404.0 34916
752 12808.0 12808
586 31.8 316790
428 12550.0 12550
1328 327427.0 655140
464 28.90909 339064
14 7413.9 338746
466 76714.0 306856
1040 9938.0 316472
912 39.75 65590
1338 2960.9 338746
1494 45.42857 107694
1336 0.0 1105380
302 1359.9333 770039
140 282.44156 4849532
204 0.0 0
956 31.8 316790
226 31.8 316790
1430 4728.0 107694
318 0.0 0
1466 7413.9 338746
1128 8528.167 1088571
1414 182384.33 549815
228 81083.0 81083
1416 159.0 19768
94 138.5 554
192 12550.0 12550
450 205.29268 931583
160 4264.3 338746
492 22108.0 22108
1282 31.8 316790
1168 0.0 0
1596 1864.0 1864
1148 29718.25 446417
1304 53.0 129448
992 31.8 316790
1500 39.75 117479
460 81083.0 81083
1390 100235.0 100235
548 16.736841 662503
1404 318.0 318
646 45.42857 107694
758 26.5 396824
528 7413.9 338746
696 159.5 605
1550 59545.0 59545
1182 0.0 0
558 7413.9 338746
1150 6275.0 12824
1308 286.0 286
1386 777.5 3110
58 1568.75 51296
944 31.8 316790
1046 9938.0 316472
1280 41828.0 41828
1202 7413.9 338746
1310 7413.9 338746
878 6275.0 12836
196 4183.3335 37650
1158 11077.0 11077
1104 9938.0 316472
338 203.66667 10722
784 5318.6 46625
848 101.333336 623
1176 81083.0 81083
1144 12913.571 192393
918 28.90909 339064
1098 4729.0 4729
292 3776.75 53826
1190 28.90909 339064
1592 5437.0 377898
1296 28.90909 339064
30 132.125 40459
754 159.0 318
1262 159.0 19768
266 0.0 13900
344 293.0 293
834 4264.3 338746
1320 388.75 6220
1344 39.75 192711
664 19170.0 55477
252 2779.8333 60593
1020 31.8 316790
988 9938.0 316472
688 31.8 41664
968 14907.0 229735
506 12550.0 12550
592 58136.0 58136
1468 5954.3335 30699
836 65855.0 65855
470 67865.555 916185
326 36698.332 129754
1556 7413.9 338746
740 12550.0 12550
208 159.0 19659
436 8399.714 74109
1186 59545.0 59545
1398 1525.8823 328909
1142 35784.332 327544
804 31.8 211748
1172 28.90909 339064
174 81083.0 81083
1424 24.461538 378216
1044 19.875 472308
734 35398.668 311449
536 67112.4 735196
1076 31.8 316790
1100 9938.0 316472
34 0.0 0
4 0.0 0
150 132.125 40459
1518 9938.0 316472
1300 12550.0 12550
1042 31.8 316790
672 40874.0 40874
1540 31.8 316790
682 36698.332 274145
1566 0.0 0
152 7413.9 338746
368 28.90909 339064
796 0.0 0
1454 19450.0 19450
236 100235.0 100235
74 81083.0 81083
316 0.0 0
1226 45.42857 218482
406 45.42857 91789
1602 39.75 117479
400 28.90909 339064
612 1900.8718 586408
888 39.75 65590
874 28.90909 384530
588 39.75 65590
764 28.90909 339064
334 6275.0 25100
162 294.0 294
1106 28.90909 327867
224 3614.3 224181
1200 1267.4445 373215
1470 16248.0 16248
120 0.0 327544
1218 8599.0 8599
1356 318.0 318
994 18.705883 461643
890 12550.0 12550
166 0.0 0
46 40.857143 1144
1538 28.90909 339064
572 59295.0 59295
1014 19.875 419787
1548 35.333332 144941
1472 26.5 339382
304 1042.5 14635
1102 18.705883 397768
1228 31.8 211748
496 1255.0 125500
498 2691.5 5669
662 105830.0 105830
114 12550.0 62750
306 36443.668 123966
1498 1912.8 24544
282 59295.0 59295
1132 3691.5 19933
360 12550.0 12550
312 6275.0 25100
1532 6275.0 12824
52 6275.0 12824
1502 17.666666 517365
936 9938.0 316472
298 932.0 2921
156 6275.0 25100
158 10529.0 10529
750 28.90909 339064
1608 4281.0 4281
702 2091.2222 186487
456 0.0 0
720 45.42857 91789
1086 9938.0 316472
686 159.0 19659
770 9495.0 92908
1136 21654.25 380204
64 321725.0 321725
1492 12550.0 12550
1488 45.42857 218482
362 1125.6666 57302
862 0.0 286
1066 9938.0 316472
290 24357.0 49000
432 31.8 316790
508 156.0 598
640 0.0 0
1354 35.333332 40777
818 19009.6 506552
714 7413.9 338746
1290 36792.668 327544
1516 7477.25 52531
966 19.875 368865
694 3354.05 2050502
280 6275.0 25100
922 26.5 413203
1126 24988.715 851194
1050 31.8 316790
116 81083.0 81083
1004 18.705883 406375
1170 16787.334 50648
446 11085.5 40168
1366 28.90909 339064
42 6275.0 12824
102 37107.0 37107
542 19341.0 19341
488 839.2778 373215
534 37505.0 37505
1248 53.0 127617
656 159.0 19659
348 106.0 13101
692 28.90909 339064
574 39.75 134412
1002 2788.5334 371662
930 22.714285 379706
744 0.0 286
66 81083.0 81083
906 31.8 316790
1496 106.0 22622
138 3137.5 50200
952 31.8 316790
480 0.0 1191
530 15.142858 396437
1528 79.5 51834
1268 16786.625 1058803
1418 45.42857 63764
1606 12550.0 12550
212 31.8 316790
1318 1065.5 398414
288 7413.9 338746
1220 14917.0 14917
1352 1045.1666 15335
1242 106.0 459980
1438 39.75 65590
330 12550.0 12550
100 1508.3 41664
482 615.75 3064
332 2960.9 338746
676 4228.75 70480
1092 525.44446 316472
1222 739.31915 1113508
300 12550.0 12550
742 286.0 286
850 8199.0 8199
194 157.5 601
812 12550.0 12550
1070 9938.0 316472
1408 27453.25 445036
1294 0.0 572
532 2960.9 338746
1600 1184.36 486899
118 1140.909 491472
1130 31.8 316790
846 12550.0 12550
858 15434.0 15434
1196 59545.0 59545
658 6375.5 12751
738 7413.9 338746
722 1.1647509 2667442
1216 318.0 318
630 28.90909 339064
1270 0.0 0
1012 26.5 372386
556 31.8 211748
476 312.0 312
950 9938.0 316472
28 0.0 286
958 31.8 316790
894 28.90909 339064
1590 26.5 396824
354 6275.0 12824
110 25101.0 25101
106 53.0 129448
322 8599.0 8599
896 264.19446 930489
1400 0.0 286
1078 3916.0 316472
218 107712.0 107712
274 81083.0 81083
824 53.0 47181
760 8223.833 218164
1232 6150.0 6150
56 1045.8334 68256
920 24.461538 323474
566 235193.0 5058620
1484 8599.0 8599
708 3137.5 25648
1252 100991.0 100991
182 1649.5 22749
1116 31.8 316790
1288 318.0 318
1024 31.8 316790
1326 41775.5 164050
1578 7413.9 338746
768 16.736841 373533
1562 106.0 13101
1370 1121.5883 402510
44 6275.0 25100
88 81083.0 81083
618 12271.0 12271
670 18.705883 396434
440 4270.0 75997
876 12550.0 12550
526 286.0 286
502 31.8 164012
1576 53.0 127617
1478 8655.0 8655
856 6275.0 12824
1074 9938.0 316472
622 28790.0 28790
80 81083.0 81083
1048 28.90909 327867
1448 19341.0 19341
1436 12550.0 12550
352 36604.332 327544
1056 31.8 316790
396 286.0 286
270 7413.9 338746
1112 53.0 6086498
998 19.875 616503
418 24.461538 409633
90 143.0 572
238 7413.9 338746
18 6745.0 6745
20 2433547.0 2433547
342 19743.834 637522
552 6275.0 62750
268 81083.0 81083
864 159.0 2381
1114 31.8 316790
1214 129256.0 129256
1580 28.90909 339064
1542 31.8 316790
504 18.705883 450733
614 6800.0 13886
424 28.90909 125975
200 36.698112 310158
370 17997.0 17997
1440 22.714285 443958
142 0.0 0
538 2619.75 18802
220 81083.0 81083
62 11941.0 800234
972 31.8 316790
250 29615.75 430439
1456 1042.5 14635
444 29736.133 1077584
710 110095.0 110095
6 6275.0 100400
690 28.90909 284471
620 12550.0 37650
780 154.0 14060
86 227.08333 121605
60 2510.0 62750
1240 41828.0 41828
308 38496.0 38496
1450 13209.926 1392535
1462 312.0 312
2 28.90909 339064
398 23297.0 23297
1234 72090.0 72090
554 55189.0 110664
1138 72090.0 72090
1054 9938.0 316472
1278 55839.0 180946
946 31.8 316790
638 35784.332 327544
426 6548.75 76890
262 17629.666 511079
36 16238.0 89381
1206 14738.5 896971
1038 31.8 316790
1512 1487.7693 62210
748 6275.0 25100
1554 4360.8237 280481
358 7458.5 15203
746 559599.0 559599
978 31.8 316790
924 9938.0 316472
242 143.0 286
938 9938.0 316472
716 109331.0 109331
1464 35.333332 99259
108 1365.3334 4112
1322 13.25 196770
1256 31.8 164012
148 91.333336 15494
540 20049.262 1230559
1384 35.333332 40777
870 28528.0 70933
940 28.90909 336484
486 930.6071 465780
410 4922.0 4922
1236 28.90909 339064
1524 112181.086 1742679
48 28.90909 264104
128 2836.0322 3409048
1482 7413.9 338746
1088 9938.0 316472
560 27453.25 446417
210 26.5 396824
700 7413.9 338746
642 655.8889 373215
468 4134.0 1186413
1530 13600.0 13600
448 143.0 286
1312 1042.5 14635
392 6743.3125 1599829
1230 22814.0 22814
960 31.8 316790
478 41431.0 41431
776 35.333332 240022
580 31.8 316790
932 19.875 403615
68 22714.0 59028
778 81083.0 81083
386 3137.5 30985
1260 28.90909 339064
1426 65855.0 65855
324 30658.0 30658
180 47660.5 133817
1080 19.875 449516
320 110095.0 110095
1330 8931.5 18149
408 12550.0 12550
1350 45.42857 107694
986 31.8 316790
1036 19.875 440337
996 31.8 316790
346 65855.0 65855
24 12550.0 62750
520 31.8 316790
146 28.90909 339064
514 24.461538 378216
390 72090.0 72090
934 3902.0527 655218
1060 31.8 316790
1570 12550.0 12550
12 28.90909 395460
576 39.75 65590
1162 110095.0 110095
810 6275.0 25100
628 8366.667 50200
712 28.90909 339064
452 12550.0 12550
512 7413.9 338746
1246 45.42857 218482
954 21.2 368762
1480 17699.334 604638
420 19170.0 55477
366 103.0 630
22 12550.0 12550
350 28.90909 339064
808 3372.5 7031
1058 9938.0 316472
1096 31.8 316790
842 308.0 308
626 45.42857 107694
40 6275.0 62750
434 32724.357 1916403
590 95.333336 572
136 28.90909 339064
1250 24.461538 378216
1062 31.8 316790
1068 22.714285 399181
636 159.0 2381
96 6275.0 25100
698 37505.0 37505
1486 2373.0 2373
524 2960.9 338746
962 31.8 316790
1010 9938.0 316472
216 3137.5 50200
1316 7413.9 338746
1006 8944.2 316790
98 57.2 12769
884 0.0 286
1402 277.0 277
246 81083.0 81083
814 0.0 286
92 770664.0 3695852
1406 28.90909 317108
72 81083.0 81083
1324 65855.0 65855
1198 31.8 211748
736 994.4667 413331
78 81083.0 81083
144 12550.0 12550
1120 31.8 316790
652 10040.0 100400
494 0.0 0
854 12550.0 12550
84 495.45456 105847
122 0.0 286
404 7413.9 338746
782 6275.0 12836
76 81083.0 81083
1192 16792.334 72681
1264 145.0 580
310 28.90909 339064
430 21.2 388426
774 0.0 0
902 28.90909 125975
1030 31.8 316790
1428 59545.0 59545
124 93.0 830
164 6943.0 20631
794 39.75 65590
438 1675.8889 40071
984 9938.0 316472
1340 12550.0 12550
1368 800.2432 783808
1574 27372.25 217201
948 9938.0 316472
1420 12550.0 12550
1374 50362.0 50362
8 39.75 192711
372 7413.9 338746
1210 22.714285 571762
820 29573.0 29573
786 318.0 318
1124 164.0 661
602 109331.0 109331
1146 106.0 22622
474 261.7143 489779
600 31.8 316790
1178 12550.0 12550
892 2577.5293 94348
650 0.0 286
1022 31.8 316790
910 31.8 211748
798 39.75 65590
1564 28.90909 339064
730 0.0 3518576
402 17222.0 64691
256 117492.0 117492
462 1042.5 14635
1266 31.8 316790
1174 12550.0 12550
726 27594.5 446417
1032 31.8 316790
1298 31.8 316790
1452 2220.5 22304
1598 195142.0 195142
1258 106.0 22622
616 110095.0 110095
1346 8377.0 8377
608 4183.3335 37650
606 11077.0 11077
1184 39.75 65590
172 18825.0 50200
916 39.75 192711
678 41828.0 41828
190 7413.9 338746
284 151.5 589
674 24.461538 378216
378 31.8 316790
914 10212.125 781968
872 31.8 316790
1396 89778.0 89778
1306 4862.6 42200
1154 12550.0 12550
516 18.705883 454227
176 1508.3 41664
26 0.0 0
840 1042.5 14635
830 41917.0 41917
1534 1042.5 14635
1362 4551.727 330997
16 9631.667 12080603
54 442.33334 3226
286 38496.0 38496
376 15927.143 744815
294 111376.0 111376
928 31.8 316790
188 18230.5 277027
380 0.0 286
132 10457.0 61652
634 10.965517 423496
1052 9938.0 316472
70 36928.0 36928
364 106.0 13101
1152 2000.0 4286
500 28243.8 606146
660 31.8 164012
10 138.5 554
562 106.0 93077
1342 0.0 572
232 154.5 595
1378 31.8 316790
240 11715.0 11715
260 1397.6316 462993
490 695.0 22018
844 159.0 7075
258 45.42857 107694
1286 762.68 501451
314 0.0 286
900 1559.3334 18821
598 9825.0 9825
826 12550.0 12550
484 13596.0 13596
550 655.8889 373215
234 6275.0 25100
356 1982.4286 65272
1392 20914.0 83656
1560 30658.0 30658
762 6275.0 25100
340 7413.9 338746
1166 7383.0 7383
130 159.0 19659
860 4274.6665 25648
582 893.1818 80761
1546 286.0 286
1434 24.461538 408125
1314 7413.9 338746
904 52.85 374016
170 28.90909 339064
1008 9938.0 316472
518 4345.6665 15696
732 28.90909 339064
828 3326.4285 192393
990 11077.0 11077
1358 12550.0 12550
926 31.8 316790
624 291.0 13132
1364 89778.0 89778
1552 1457.091 325894
964 9938.0 316472
1446 6275.0 12824
38 318.0 318
728 159.0 19659
644 8599.0 8599
112 40.857143 2434691
1284 28.90909 339064
1612 2960.9 338746
1274 12550.0 12550
1028 22.714285 396449
184 81083.0 81083
1412 31.8 316790
632 26.5 339064
1476 8931.5 38686
1514 109331.0 109331
974 31.8 316790
544 72090.0 72090
886 274.0 274
1614 72090.0 72090
1422 31.8 316790
126 832.9663 2064667
1348 867.9375 173337
1442 106.0 93077
186 13600.0 13600
832 159.0 13367
1254 28.90909 339064
1594 1567.25 132642
198 2960.9 338746
1224 39.75 117479
1272 274.0 274
168 987.25 211192
898 24.461538 382130
388 109331.0 109331
254 20208.666 506608
296 1078.5 3634
1016 19.875 413908
1026 17.666666 561672
1520 45.42857 107694
1510 16.736841 373533
822 79.5 93395
82 12550.0 12550
766 30824.0 677810
866 5793.0 11872
222 1134643.5 2269573
1394 23.508621 3101144
1156 0.0 33676
336 6271.0 6271
214 130482.0 130482
1332 57056.0 57056
1474 7413.9 338746
472 3201.25 70480
654 7541.5 19761
1558 28.90909 339064
414 314.0 314
546 626.3333 50050
248 29305.666 318761
852 6800.0 13886
1382 318.0 318
1526 28.90909 339064
1064 19.875 412035
942 525.44446 316472
178 12550.0 12550
1504 28.90909 339064
1276 28.90909 339064
1372 0.0 0
704 31.8 164012
756 11407.0 40811
1572 12550.0 12550
1508 111.025 600458
1090 31.8 316790
1522 28.90909 339064
394 144.05646 2544446
1122 31.8 316790
32 15761.249 16273379
1238 32914.0 455795
1244 26.5 396824
882 12550.0 12550
206 7413.9 338746
382 0.0 286
1582 4363.0 585829
806 1499.0526 205358
1072 525.44446 316472
1164 525.44446 316472
244 81083.0 81083
684 286.0 286
1208 240566.0 240566
412 314.0 314
134 11701.0 52857
970 31.8 316790
1432 472.9 316790
1388 26.5 396824
838 227.08333 121737
104 2564.8 27771
510 95.333336 8470
458 35.333332 240022
272 109331.0 109331
1584 36604.332 327544
202 155.5 622
278 7413.9 338746
868 4441.0 4441
1188 39487.668 318761
976 28.90909 325293
1034 31.8 316790
816 12550.0 12550
1568 80518.0 80518
1588 7413.9 338746
718 159.0 19659
1018 31.8 316790
1506 12550.0 12550
668 7413.9 338746
980 31.8 316790
1376 39.75 65590
568 81083.0 81083
1094 9938.0 316472
666 0.0 0
1458 12550.0 12550
578 6275.0 25100
584 616.5946 746748
908 111745.0 111745
790 159.0 636
1604 8342.0 8342
594 0.0 0
1140 81083.0 81083
264 3399.0 14479
442 7413.9 338746
1380 23830.25 441427
1118 31.8 316790
1134 28.90909 339064
1000 31.8 316790
328 0.0 286
982 26.5 338944
1360 9938.0 316472
1204 318.0 318
706 2960.9 338746
570 6275.0 25100
230 2312.6667 78130
800 41828.0 41828
802 52842.0 52842
648 31.8 316790
610 31.8 211748
792 39.75 117479
50 81083.0 81083
1334 14917.0 14917
1082 19.875 399311
416 45626.832 1438514
154 0.0 286
1586 19.875 393643
1160 3729.8 83620
680 0.0 0
422 2461.0 5208
596 105830.0 105830
1108 31.8 316790
788 28.90909 339064
1180 35.333332 40777
564 19.875 409144
1444 3706.95 502758
1610 847.8182 448273
724 28.90909 339064
276 31.8 211748
1536 28.90909 339064
374 0.0 0
1292 22981.4 122080
1194 7413.9 338746
1302 976.9375 457949
1460 39.75 192711
1212 106.0 17916
1490 154.0 594
880 29305.666 318761
604 6513.3335 68572
1544 1423.1111 156894
384 137.5 549
522 5055.5 10433
1110 3916.0 316472
451 1645.3684 262611
147 0.0 3977986
667 159.0 636
1053 3502.7778 221439
1445 8237.667 215773
11 6375.5 13037
1325 7383.0 7383
195 6275.0 25100
215 8998.5 40168
1 5.7777777 2762635
291 12550.0 12550
931 31.8 316790
443 3969.6667 258941
755 37505.0 37505
1393 81083.0 81083
1255 2960.9 338746
1419 0.0 0
21 160.5 607
321 2234.3333 239299
577 110095.0 110095
715 159.0 19659
403 7413.9 338746
967 11748.0 86737
355 17468.5 50537
801 65855.0 65855
131 932.0 14414
815 59295.0 59295
347 78.0 1192
799 31.8 164012
637 26.5 396824
293 2153.3333 16808
93 372250.0 2020790
489 4188.5 8663
453 91538.0 91538
1165 353.59787 12474621
1029 31.8 316790
599 0.0 286
1031 12550.0 12550
855 5693.0 5693
929 9938.0 316472
1377 22.714285 127528
1005 31.8 316790
1099 28.90909 381744
1075 9938.0 316472
1363 327427.0 655140
1505 1243.0834 368580
387 12550.0 12550
1297 19341.0 19341
1125 24.461538 1833515
375 12550.0 12550
79 22814.0 22814
1049 31.8 316790
835 50117.5 200470
603 893.2 484277
127 12550.0 12550
1383 45.42857 91789
275 6275.0 25100
541 6447.0 39000
1597 2.8125 1338897
741 5569.4287 262183
1399 318.0 318
827 24.461538 378216
83 5821.25 70480
919 12550.0 12550
1017 19.875 404390
251 106.0 30152
1509 89778.0 89778
9 12550.0 12550
651 5821.25 70480
735 159.5 605
423 19.875 431071
1279 28.90909 339064
1229 28.90909 339064
1359 3949.0 8184
467 0.0 286
1567 31.8 41664
397 45.42857 218482
1107 9938.0 316472
631 7413.9 338746
1289 4457.273 396506
831 159.0 4888
1225 31.8 316790
95 3293.6667 33263
379 2017.4 153852
863 277.0 277
501 4183.3335 37650
959 31.8 316790
869 2263.0 2263
259 1365.3334 4112
759 65855.0 65855
987 31.8 316790
1437 53.0 187760
7 4368.75 70480
961 31.8 316790
1035 4018.7778 226565
675 7413.9 338746
1319 277.0 277
499 1675.8889 41346
1531 45.42857 107694
695 45.42857 107694
1405 35.333332 141278
267 45.42857 65207
491 1365.3334 4112
327 5821.25 70480
1407 887.0 887
417 0.0 0
1373 41828.0 41828
359 211748.0 423496
685 2905.0 2905
1155 31.8 316790
1565 1029.0 47486
1337 6275.0 25100
683 7413.9 338746
415 7553.5 26913
791 202762.33 630591
1431 392.50748 1275122
1187 143.25807 388685
1555 21.2 446326
103 1926.2858 42341
1149 52712.0 106334
1065 28.90909 358782
269 159.0 19659
483 2960.9 338746
1013 31.8 316790
905 2769.25 33231
1157 891.0 4136
1605 28.90909 339064
1175 3137.5 50200
343 2510.0 62750
1245 318.0 318
1369 9938.0 316472
601 138.5 554
393 79.5 18826
1235 31.8 164012
33 0.0 8179
1109 19.875 445777
23 16248.0 16248
1221 16.736841 621132
1243 3347.963 408219
3 72209.0 72209
935 31.8 316790
123 71.5 572
1537 28.90909 339064
271 12550.0 12550
197 7413.9 338746
177 7413.9 338746
1287 26.5 413203
557 106.0 22622
1321 286.0 286
1347 1508.3 41664
1481 41828.0 41828
121 69181.0 69181
1167 7413.9 338746
1413 28.90909 339064
1177 39.75 65590
727 46800.0 93886
923 7413.9 338746
51 72090.0 72090
973 26.5 319358
219 81083.0 81083
567 72090.0 72090
285 26.507692 1153773
843 106.0 93077
305 65855.0 65855
421 41437.0 41437
1417 286.0 286
173 130482.0 130482
569 12550.0 12550
629 16.736841 373533
1181 39.75 65590
671 110095.0 110095
1009 18.705883 540209
689 2960.9 338746
821 79.5 145148
1185 28.90909 339064
1435 53.0 43406
1135 4183.3335 37650
1077 9938.0 316472
555 7413.9 338746
159 7843.75 313750
1463 45.42857 135971
663 18.705883 432474
857 31262.0 31262
1257 110095.0 110095
587 81083.0 81083
965 9938.0 316472
1133 12550.0 12550
117 12550.0 12550
829 0.0 286
1151 209.61539 134429
27 44487.2 960522
245 655.8889 373215
1205 21.2 389169
559 2088.0 2088
249 159380.5 430439
257 6275.0 25100
163 112181.086 1742679
1047 9938.0 316472
1117 159.0 48171
1581 31.8 316790
751 6275.0 12824
573 318.0 318
487 3564.0 3564
733 1819.5714 87835
209 72.25 1160
517 9016.0 9016
1561 81083.0 81083
129 26.5 390984
1271 63.6 441745
39 8366.667 50200
1503 687.03845 269422
1123 28.90909 357492
769 31.8 316790
1545 28.90909 339064
71 39.75 117479
635 39.75 228003
171 4183.3335 37650
729 21.2 851161
1127 159.0 2381
311 4183.3335 37650
933 9938.0 316472
399 0.0 0
957 31.8 316790
679 39.75 65590
1483 318.0 318
1207 3178.9 214168
543 81083.0 81083
1603 0.0 47853
1231 76964.0 213223
981 31.8 316790
1027 28.90909 341610
211 695.0 14913
977 31.8 316790
299 1593.0 1593
1609 31.8 316790
217 12550.0 62750
539 1356.091 324740
139 5151.6665 33716
509 40416.0 40416
721 65855.0 65855
1139 7413.9 338746
533 318.0 318
1003 26.5 346339
1307 2960.9 338746
1015 9938.0 316472
59 57.2 9874
985 9938.0 316472
411 5446.467 1371692
677 2552.4167 267790
1315 5694994.0 5694994
1265 0.0 286
1611 12119.286 379502
897 26734.5 401076
165 184.66667 1108
809 7383.0 7383
1541 130482.0 130482
1365 41328.0 41328
31 109946.23 4684118
841 45.42857 63764
661 31.8 164012
1533 6275.0 12824
1145 31.8 316790
647 58450.0 218461
29 286.0 286
633 159.0 19659
1033 19.875 421870
591 13600.0 13600
161 6275.0 12824
1227 16.736841 373533
1573 759.5 1805
1011 31.8 316790
1101 0.0 316472
963 31.8 316790
313 318.0 318
1163 110095.0 110095
435 116900.0 116900
975 31.8 316790
1293 65855.0 65855
1129 1191.6875 227458
519 0.0 0
337 48516.5 179815
1529 12550.0 12550
441 318.0 318
699 569244.0 2522820
401 0.0 286
779 10052.75 156501
1345 106.0 40486
585 41828.0 41828
1459 12550.0 12550
1443 28.90909 125975
371 22814.0 22814
891 286.0 286
479 13.826087 478310
1269 160.5 607
1079 31.8 316790
1511 26.5 366815
1569 19.875 131180
1209 277.0 277
1095 29814.0 125639
461 227.08333 121737
879 35.333332 40777
575 2240.6667 7008
805 0.0 0
457 26858.6 589943
615 40027.0 40027
1057 9938.0 316472
817 6275.0 12824
151 19.875 409158
767 286.0 286
319 3137.5 50200
1253 7413.9 338746
1371 7383.0 7383
353 58886.0 235544
1375 159.0 13367
65 308.0 308
639 0.0 286
35 0.0 0
913 41828.0 41828
865 9510.571 1096188
1473 56.032257 450500
175 1426.6666 26425
497 322.19232 377745
1349 0.0 2045107
743 2905.0 2905
941 31.8 316790
1341 9938.0 316472
1141 110095.0 110095
969 31.8 316790
1197 28.90909 339064
339 2547.6 64552
1389 100235.0 100235
199 1149.9354 940582
1281 13051.4 127299
145 8931.5 18149
1495 39.75 65590
583 12550.0 12550
1461 6275.0 12836
673 29444.666 482824
253 32914.0 418141
1173 28.90909 284471
1549 2593.0 2593
709 0.0 286
169 228.18182 262123
1497 7413.9 338746
25 3137.5 112950
1587 13596.0 13596
545 7383.0 7383
1153 1572.0 203466
1189 136400.0 136400
471 38496.0 38496
627 9938.0 316472
1577 7413.9 338746
833 5604.8237 1686196
1019 31.8 316790
825 469.38962 1720570
1499 59545.0 59545
1479 0.0 0
871 154532.33 477483
993 8944.2 327549
1381 12550.0 12550
431 28.90909 125975
391 161.5 609
87 31.8 316790
287 28.90909 339064
5 6275.0 25100
1487 3289.2903 3435263
13 207.03226 5016070
455 654854.0 654854
475 12550.0 12550
1215 102358.0 102358
1259 5821.25 70480
691 12810.0 12810
349 163.5 613
607 39.75 192711
549 45.42857 218482
939 31.8 316790
75 0.0 0
901 41828.0 41828
445 6745.0 6745
45 7413.9 338746
1465 159.0 19659
1335 6745.0 6745
1331 8367.0 47405
1457 312.0 312
853 1042.5 14635
61 81083.0 81083
747 795.1053 462993
97 6275.0 62750
281 16345.0 270667
753 12550.0 12550
1513 38.0 230488
1595 0.0 0
803 16.736841 373533
1285 2960.9 338746
1521 159.0 19659
1301 6275.0 25100
777 695.0 14913
1143 159.0 19659
1201 120283.0 240852
1191 1642.8636 9899894
493 0.0 0
1517 6275.0 12824
979 31.8 316790
1137 89778.0 89778
365 28.90909 339064
1147 35.333332 99259
893 1042.5 14635
373 0.0 19659
369 106.0 93077
795 1243.0834 368580
1527 430745.38 4963689
307 7413.9 338746
1355 106.0 93077
1523 17.666666 473744
1501 106938.0 106938
303 72090.0 72090
1329 72090.0 72090
1073 22.714285 359324
201 276123.0 552532
703 12550.0 12550
623 277.0 277
17 4382.0 565678
535 12550.0 12550
659 122300.0 122300
861 6447.0 39000
605 22814.0 22814
447 8599.0 8599
1601 4570.0 4570
1097 40416.0 40416
781 27850.334 274145
367 24.461538 1802744
331 28.90909 339064
77 81083.0 81083
719 7413.9 338746
775 15884.2 422643
1575 39.75 65590
283 31.8 41664
429 37505.0 37505
255 0.0 0
1583 318.0 318
1409 26.5 1277805
1261 286.0 286
1467 3224.8462 301521
621 0.0 286
1199 17914.846 812523
851 12550.0 12550
515 1023.95 270478
731 6524.5 13335
1425 318.0 318
1475 39.75 239235
1069 31.8 316790
787 19.875 394645
547 117492.0 117492
1553 16792.334 72681
701 16248.0 16248
363 0.0 0
381 0.0 606
645 39487.668 318761
81 153.0 592
1217 6275.0 12824
1311 2825.25 362082
419 41828.0 41828
1241 2000.0 4286
345 0.0 0
711 16.736841 373533
649 28.90909 339064
427 28.90909 339064
885 159.0 90096
1579 26.5 353981
263 5694994.0 5694994
1551 18271.5 36829
1219 16248.0 16248
1477 26.5 396824
1615 19.875 390802
1059 31.8 316790
1563 7413.9 338746
505 41437.0 41437
581 159.0 19659
1025 31.8 316790
1195 0.0 0
771 984.0571 594200
1427 59545.0 59545
1317 110095.0 110095
849 0.0 286
915 39.75 65590
1159 11077.0 11077
187 26.5 396824
553 6865.4287 1579154
1433 1267.4445 373215
1055 35.333332 231278
243 9160.0 102592
329 318.0 318
847 21867.0 21867
351 159.0 34200
589 39.75 220362
1353 59545.0 59545
73 12913.571 192393
469 24.461538 378216
665 12550.0 12550
507 13596.0 13596
181 7413.9 338746
571 1845.75 2276956
237 12550.0 12550
1453 45.42857 107694
143 0.0 286
595 81083.0 81083
579 39.75 65590
1585 13803.5 27893
389 12550.0 12550
819 6275.0 12824
1037 31.8 316790
439 159.0 13367
1237 159.0 19659
907 4259.143 720442
1379 7383.0 7383
193 81083.0 81083
265 28.90909 339064
513 12550.0 12550
937 9938.0 316472
707 39.75 65590
437 0.0 286
1171 31.8 316790
1515 31.8 316790
111 81083.0 81083
527 117160.0 1802426
449 2584.9695 2153240
279 4183.3335 37650
89 16.736841 373533
241 833.6667 582953
597 1365.3334 4112
481 28.90909 125975
1007 18.705883 420056
773 18.705883 457549
99 3930.2173 284932
1203 0.0 0
277 864.5 25261
1447 31.8 316790
643 37460.332 318761
53 22814.0 22814
737 22.714285 416358
333 19.875 421803
613 5821.25 70480
845 28.90909 264104
943 31.8 316790
561 2369099.5 4738485
763 32914.0 455795
705 3137.5 50200
797 2006.8 284675
69 31.8 316790
1081 31.8 316790
135 3815.0 28005
1559 11077.0 11077
91 81083.0 81083
1233 0.0 286
785 574.4375 1371923
239 15.9 454616
119 0.0 572
189 8366.667 50200
511 12550.0 12550
867 277.0 277
757 6275.0 12550
477 13600.0 13600
875 12550.0 12550
1023 31.8 316790
1089 6339.5557 316472
1121 0.0 0
883 106.0 13101
1111 9938.0 316472
653 151.0 21585
925 286.0 286
531 35.333332 144941
1071 31.8 316790
1291 850.21124 1636567
563 17863.0 17863
1343 11077.0 11077
385 286.0 286
911 39.75 65590
273 682.6667 8224
523 0.0 1222
999 31.8 316790
1493 11085.5 40168
43 584.1724 362240
1607 45197.5 90681
1385 159.0 8695
301 3383.9375 428152
921 12550.0 12550
839 0.0 286
1131 11586.0 11586
1183 3174.25 50788
1063 9938.0 316472
899 117492.0 117492
1091 9938.0 316472
1267 0.0 0
1387 69480.0 69480
995 31.8 316790
1115 18.705883 421211
895 2115.8948 807836
1043 5962.8 616185
1367 0.0 286
295 1508.3 41664
335 1980.2653 5707442
361 116900.0 116900
1303 45.42857 335562
749 65855.0 65855
357 7413.9 338746
433 81083.0 81083
881 937.73334 88527
19 89283.4 892834
609 6275.0 12824
1277 15.9 454616
297 7541.5 19761
723 0.0 572
1305 12550.0 12550
1525 792.871 406043
641 2960.9 338746
529 41828.0 41828
1421 6275.0 12824
1547 8599.0 8599
1211 12550.0 12550
1239 11968.0 11968
473 2050.0 11386
1591 3193.25 65778
235 2091.6667 50772
1339 0.0 0
909 110095.0 110095
1449 274.0 274
1415 17974.0 17974
1471 36372.69 921971
37 495.57144 689196
185 81083.0 81083
247 286.0 10167
63 7413.9 338746
1535 17.666666 426936
203 28.90909 339064
309 110095.0 110095
859 31.8 211748
1441 28.90909 339064
1061 31.8 316790
1045 9938.0 316472
681 28.90909 339064
697 45.42857 107694
945 31.8 316790
113 38496.0 38496
565 39.75 192711
1439 159.0 19659
525 19003.0 505603
413 314.0 314
137 12550.0 12550
229 143.5 12837
953 9938.0 316472
783 76714.0 153714
1357 143.0 12836
1519 2220.5 22304
231 4499.25 80336
1507 4264.3 338746
551 839.2778 373215
191 117.42857 2466
793 159.0 42146
761 11876.0 1287783
57 40541.5 162166
149 68.5 1352685
655 11407.0 40811
463 3691.5 14766
1295 31.8 316790
1087 31.8 316790
997 31.8 316790
1193 39.75 117479
49 105424.0 105424
1085 31.8 316790
693 6275.0 25100
109 6275.0 138050
1397 11586.0 11586
167 2510.0 62750
115 3137.5 50200
15 1477.0 1477
1599 59295.0 59295
717 2960.9 338746
903 59295.0 59295
1161 45.42857 107694
1051 19.875 403136
1411 888.2 72821
823 5954.3335 66056
1489 12550.0 12550
1539 0.0 286
227 81083.0 81083
889 34200.5 68687
317 7413.9 338746
813 59545.0 59545
1469 24.461538 735986
141 29718.25 446417
221 0.0 162166
1351 17863.0 17863
1273 0.0 286
223 12550.0 12550
1113 31.8 316790
745 12550.0 37650
1401 28.90909 339064
917 41775.5 164050
669 187.8 101137
1247 2258.9375 275194
955 1107.7 327549
101 5020.0 163150
1067 31.8 316790
593 41828.0 41828
153 839.2778 373215
807 1045.1666 15311
1179 27372.25 455795
289 24.461538 349597
105 3729.25 15531
125 6275.0 62750
1451 0.0 286
157 12550.0 12550
383 1267.4445 373215
1429 2960.9 338746
625 65855.0 65855
611 7287.778 131180
459 286.0 286
1403 66980.0 66980
1327 18.705883 511544
1299 39487.668 318761
495 160.5 607
1083 3916.0 316472
341 3137.5 50200
887 6275.0 12836
1543 39.75 65590
1169 18.705883 455524
725 31.8 316790
1323 26.5 382480
657 19.875 447977
713 175.80646 775489
41 1972.9231 79431
409 34590.5 115474
837 942.6875 233170
1283 6275.0 25100
971 3916.0 316472
261 286.0 286
1589 27850.334 274145
395 2960.9 338746
1485 81083.0 81083
617 28.90909 339064
947 28.90909 317325
1395 39.75 65590
1213 12751.0 12751
213 7383.0 7383
503 69181.0 69181
1491 12015.0 335244
1119 31.8 316790
1613 2085.0 2085
1361 45.42857 107694
877 3201.25 70480
67 3192.0 6705
1251 6275.0 12836
811 3614.3 263786
425 28.90909 339064
1309 6275.0 12824
85 81083.0 81083
405 117492.0 117492
789 12324.0 12324
1313 59295.0 59295
1333 28.90909 339064
225 2183.0 26196
1039 21.2 428078
619 8655.0 8655
1263 17.666666 425519
1571 39.75 192711
1223 81083.0 81083
325 2391.5806 757421
465 106.0 13101
323 0.0 0
407 0.0 9508
55 22814.0 22814
927 4490.6665 316472
107 31.8 316790
1021 9938.0 316472
765 5393.0 11072
1455 0.0 286
179 159.0 19659
983 9938.0 316472
133 7789.5 17172
205 53.0 129448
949 31.8 316790
1275 4188.5 8663
873 15620.0 15620
951 31.8 316790
183 7413.9 338746
1041 31.8 316790
1593 31.8 211748
1391 159.0 19659
1423 18091.0 18091
687 12543.3 224692
1001 28.90909 325277
47 7383.0 7383
1557 1782.0 3850
1093 9938.0 316472
485 17.666666 485531
989 31.8 316790
1103 28.90909 317108
207 13377.0 13377
521 12550.0 12550
739 19.875 408900
233 4183.3335 37650
1105 9938.0 316472
1249 199.125 40459
991 9938.0 316472
537 39.75 127617
377 26.5 396824
155 21948.25 249221
315 7383.0 7383
